0.0514531135559082,0
0.0507357120513916,0
0.05115389823913574,0
0.050789833068847656,0
0.050956010818481445,0
0.050714731216430664,0
0.050824880599975586,0
0.05098223686218262,0
0.05069303512573242,0
0.05099129676818848,0
0.05181074142456055,0
0.05118203163146973,0
0.0509188175201416,0
0.05117607116699219,0
0.051342010498046875,0
0.051045894622802734,0
0.050995826721191406,0
0.050898075103759766,0
0.05079197883605957,0
0.0507509708404541,0
23.551676988601685,4
0.13130712509155273,0
0.05122780799865723,0
0.05129289627075195,0
0.05112004280090332,0
0.05115222930908203,0
0.05110001564025879,0
0.05103778839111328,0
0.051325321197509766,0
0.0514531135559082,0
0.051489830017089844,0
0.05129098892211914,0
0.05104994773864746,0
0.05122995376586914,0
24.721367120742798,4
0.051637887954711914,0
0.051069021224975586,0
0.05098295211791992,0
0.0510859489440918,0
0.05119490623474121,0
0.05126690864562988,0
0.05154299736022949,0
0.051219940185546875,0
0.05145072937011719,0
0.05113697052001953,0
0.051204681396484375,0
0.051056861877441406,0
0.05097794532775879,0
0.05106520652770996,0
0.05092287063598633,0
0.05124974250793457,0
0.05089688301086426,0
0.05134701728820801,0
0.05094504356384277,0
0.051199913024902344,0
0.05127882957458496,0
0.051245927810668945,0
0.05087780952453613,0
0.050959110260009766,0
0.05109810829162598,0
0.05116581916809082,0
0.05116581916809082,0
0.051239013671875,0
0.050917863845825195,0
0.05113410949707031,0
0.05089402198791504,0
0.05093026161193848,0
0.05086493492126465,0
0.05146193504333496,0
0.050742149353027344,0
0.052024126052856445,0
0.0507969856262207,0
0.05097007751464844,0
0.05110502243041992,0
0.05215287208557129,0
0.051158905029296875,0
0.05101633071899414,0
0.05063915252685547,0
0.05270791053771973,0
0.0518491268157959,0
0.0509490966796875,0
0.050576210021972656,0
0.050852060317993164,0
0.05286407470703125,0
0.05156517028808594,0
0.0507807731628418,0
0.050589799880981445,0
0.05253314971923828,0
0.05248713493347168,0
0.05169200897216797,0
