0.20498919486999512,0
0.22291922569274902,0
0.2658390998840332,0
0.1749100685119629,0
0.22510075569152832,0
0.22817492485046387,0
0.24602484703063965,0
0.34644603729248047,0
0.255526065826416,0
0.2260880470275879,0
0.2376079559326172,0
0.2368021011352539,0
0.20998668670654297,0
0.23468899726867676,0
0.25706982612609863,0
0.2125391960144043,0
0.17525982856750488,0
0.24266433715820312,0
0.2533590793609619,0
0.2588529586791992,0
0.2839069366455078,0
0.2883007526397705,0
0.2693171501159668,0
0.18085026741027832,0
0.2051560878753662,0
0.19440793991088867,0
0.20530295372009277,0
0.23447179794311523,0
0.24332070350646973,0
0.23837709426879883,0
0.18577790260314941,0
0.19211602210998535,0
0.18438386917114258,0
0.289093017578125,0
0.16052889823913574,0
0.22641730308532715,0
0.197584867477417,0
0.2543158531188965,0
0.28147006034851074,0
0.21305322647094727,0
0.1751408576965332,0
0.2071089744567871,0
0.2697310447692871,0
0.21773004531860352,0
0.18387317657470703,0
0.19767498970031738,0
0.23048615455627441,0
0.16601896286010742,0
0.16107702255249023,0
0.26758909225463867,0
0.23359417915344238,0
0.24576926231384277,0
0.16435027122497559,0
0.23500275611877441,0
0.2568831443786621,0
0.22795820236206055,0
0.17816400527954102,0
0.22319269180297852,0
0.2437458038330078,0
0.2021498680114746,0
0.24981188774108887,0
0.19036316871643066,0
0.23865604400634766,0
0.2139301300048828,0
0.19383716583251953,0
0.21676898002624512,0
0.18665814399719238,0
0.2304370403289795,0
0.19560599327087402,0
0.18533706665039062,0
0.23555874824523926,0
0.21499991416931152,0
0.18921422958374023,0
0.2193300724029541,0
0.21614599227905273,0
0.1653149127960205,0
0.17975711822509766,0
0.24674630165100098,0
0.21215009689331055,0
0.25651025772094727,0
