0.1827840805053711,0
0.18779778480529785,0
0.2043931484222412,0
0.26010704040527344,0
0.1667170524597168,0
0.15213680267333984,0
0.17997097969055176,0
0.19269776344299316,0
0.18517398834228516,0
0.21013903617858887,0
0.1541149616241455,0
0.16080975532531738,0
0.17718720436096191,0
0.16225504875183105,0
0.2177438735961914,0
0.15656805038452148,0
0.19971990585327148,0
0.16311383247375488,0
0.17559313774108887,0
0.19417119026184082,0
0.188978910446167,0
0.17188501358032227,0
0.21459579467773438,0
0.17343902587890625,0
0.1625678539276123,0
0.1873149871826172,0
0.18665218353271484,0
0.18573617935180664,0
0.19061899185180664,0
0.17516422271728516,0
0.2108452320098877,0
0.1869499683380127,0
0.1599740982055664,0
0.17947888374328613,0
0.1822819709777832,0
0.15981578826904297,0
0.2406771183013916,0
0.1924741268157959,0
0.1630840301513672,0
0.18476176261901855,0
0.23039984703063965,0
0.14850997924804688,0
0.15018701553344727,0
0.18129801750183105,0
0.23327016830444336,0
0.17659401893615723,0
0.20858025550842285,0
0.16729497909545898,0
0.18540215492248535,0
0.17691969871520996,0
0.2207801342010498,0
0.192335844039917,0
0.22778701782226562,0
0.19817900657653809,0
0.2287130355834961,0
0.1888730525970459,0
0.1636829376220703,0
0.17831707000732422,0
0.2020549774169922,0
0.16750597953796387,0
0.18320107460021973,0
0.19334721565246582,0
0.15305113792419434,0
0.19524192810058594,0
0.20882940292358398,0
0.1803131103515625,0
0.18167710304260254,0
0.2265021800994873,0
0.16409015655517578,0
0.15054917335510254,0
