0.02999401092529297,0
0.02935481071472168,0
0.02925586700439453,0
0.02826690673828125,0
0.027765989303588867,0
0.028988122940063477,0
0.030035972595214844,0
0.02935194969177246,0
0.028839111328125,0
0.029422998428344727,0
0.029101133346557617,0
0.03029036521911621,0
0.029166698455810547,0
0.030357837677001953,0
0.029391050338745117,0
0.029574871063232422,0
0.029541730880737305,0
0.02949810028076172,0
0.03000187873840332,0
0.029127836227416992,0
0.02961587905883789,0
0.029046058654785156,0
0.02985692024230957,0
