0.18080496788024902,0
0.1532437801361084,0
0.16210007667541504,0
0.1144411563873291,0
0.17389798164367676,0
0.2215118408203125,0
0.15067195892333984,0
0.19522714614868164,0
0.23815298080444336,0
0.1255199909210205,0
0.12769269943237305,0
0.14309406280517578,0
0.12484908103942871,0
0.20154404640197754,0
0.10444068908691406,0
0.3319220542907715,0
0.16305780410766602,0
0.1304490566253662,0
0.17596197128295898,0
0.1363537311553955,0
0.1951448917388916,0
0.12023401260375977,0
0.15232372283935547,0
0.18171286582946777,0
0.13130903244018555,0
0.12700700759887695,0
0.11511874198913574,0
0.166884183883667,0
0.08561086654663086,0
0.13025474548339844,0
0.15219712257385254,0
0.08346199989318848,0
0.14340710639953613,0
0.18793129920959473,0
0.2162950038909912,0
0.1518230438232422,0
0.15682315826416016,0
0.17557287216186523,0
0.14740800857543945,0
0.1984879970550537,0
0.1706390380859375,0
0.1615281105041504,0
0.1834869384765625,0
0.11346316337585449,0
0.10553193092346191,0
0.1305241584777832,0
0.23080992698669434,0
0.1430509090423584,0
0.10630202293395996,0
0.20868802070617676,0
0.1774592399597168,0
0.18961310386657715,0
0.1605360507965088,0
0.13715100288391113,0
0.14171719551086426,0
0.13393306732177734,0
0.17998290061950684,0
0.11670279502868652,0
0.15331482887268066,0
0.12899994850158691,0
0.16644001007080078,0
0.13972210884094238,0
0.09877395629882812,0
0.17292284965515137,0
0.15795683860778809,0
0.14858078956604004,0
0.14219284057617188,0
0.1675279140472412,0
0.13804388046264648,0
0.20134305953979492,0
0.19930481910705566,0
0.17431902885437012,0
0.2519099712371826,0
0.16646599769592285,0
0.1795210838317871,0
0.15845227241516113,0
0.13807892799377441,0
0.1961050033569336,0
0.14765501022338867,0
0.20068812370300293,0
0.1400010585784912,0
0.13382792472839355,0
0.15033817291259766,0
0.13898706436157227,0
0.16315603256225586,0
0.14989399909973145,0
0.14363598823547363,0
0.23923611640930176,0
0.12735509872436523,0
0.19317197799682617,0
