0.15852594375610352,0
0.14531207084655762,0
0.14649605751037598,0
0.16761231422424316,0
0.13678598403930664,0
0.14324688911437988,0
0.13709402084350586,0
0.13673114776611328,0
0.12741518020629883,0
0.14307904243469238,0
0.13169217109680176,0
0.15796303749084473,0
0.12705779075622559,0
0.1395282745361328,0
0.13095617294311523,0
0.13979005813598633,0
0.1285409927368164,0
0.13848590850830078,0
0.12668204307556152,0
0.1333928108215332,0
0.12745332717895508,0
0.13262081146240234,0
0.12873601913452148,0
0.13334870338439941,0
0.13177895545959473,0
0.13348913192749023,0
0.13373589515686035,0
0.13019084930419922,0
0.12714219093322754,0
0.13346004486083984,0
0.12810897827148438,0
0.13370323181152344,0
0.1224508285522461,0
0.12349200248718262,0
0.11862468719482422,0
0.12697792053222656,0
0.12901091575622559,0
0.1225881576538086,0
0.12188911437988281,0
0.12233400344848633,0
0.12950515747070312,0
0.12183308601379395,0
0.1231532096862793,0
0.12178492546081543,0
0.12023401260375977,0
0.12883710861206055,0
0.12425804138183594,0
0.125230073928833,0
0.12272500991821289,0
0.12291598320007324,0
0.12516403198242188,0
0.12237811088562012,0
0.1268618106842041,0
0.12154603004455566,0
0.12744498252868652,0
0.12383484840393066,0
0.13184499740600586,0
0.12462782859802246,0
0.12306618690490723,0
0.12305092811584473,0
0.11884617805480957,0
0.12189888954162598,0
0.1227579116821289,0
0.1270756721496582,0
0.12381410598754883,0
0.12193799018859863,0
0.14153599739074707,0
0.12249898910522461,0
0.12274408340454102,0
0.12299585342407227,0
0.13269495964050293,0
0.12610316276550293,0
0.12397003173828125,0
0.12516093254089355,0
0.12196493148803711,0
0.1287550926208496,0
0.130936861038208,0
0.12691521644592285,0
0.12253904342651367,0
0.12533974647521973,0
0.05277895927429199,0
0.052461862564086914,0
0.05139780044555664,0
0.05152487754821777,0
0.0528111457824707,0
0.051321983337402344,0
0.05150580406188965,0
0.054044246673583984,0
0.05166792869567871,0
0.05279707908630371,0
0.05234980583190918,0
0.05148601531982422,0
0.052069902420043945,0
0.05213785171508789,0
0.05222821235656738,0
0.05229806900024414,0
0.05183672904968262,0
0.0522160530090332,0
0.05179905891418457,0
0.051503896713256836,0
0.052683115005493164,0
0.05920100212097168,0
0.052152156829833984,0
0.05194902420043945,0
0.052343130111694336,0
0.05242323875427246,0
0.0527801513671875,0
0.05156826972961426,0
0.05285191535949707,0
0.052111148834228516,0
0.05178093910217285,0
0.054090261459350586,0
0.053592681884765625,0
0.05201983451843262,0
0.052342891693115234,0
0.05276894569396973,0
0.052449941635131836,0
0.05250406265258789,0
0.05154728889465332,0
0.0523829460144043,0
0.05265402793884277,0
0.051898956298828125,0
0.05295276641845703,0
0.05208325386047363,0
0.0528569221496582,0
0.052026987075805664,0
0.05217695236206055,0
0.05187511444091797,0
0.05096077919006348,0
0.05226612091064453,0
