0.08294296264648438,0
0.08333492279052734,0
0.10157585144042969,0
0.08206009864807129,0
0.08264374732971191,0
0.08196115493774414,0
0.08211827278137207,0
0.08138179779052734,0
0.08244800567626953,0
0.08168816566467285,0
0.10316896438598633,0
0.08222627639770508,0
0.08186078071594238,0
0.08415889739990234,0
0.0824592113494873,0
0.08210206031799316,0
0.10159683227539062,0
0.08237314224243164,0
0.08194899559020996,0
0.08130097389221191,0
0.08191895484924316,0
0.0812680721282959,0
0.10025501251220703,0
0.08388876914978027,0
0.08123302459716797,0
0.08113908767700195,0
0.08152604103088379,0
0.10099673271179199,0
0.08159494400024414,0
0.0812530517578125,0
0.08117222785949707,0
0.08114886283874512,0
0.08115625381469727,0
0.0812380313873291,0
0.08130693435668945,0
0.08124494552612305,0
0.08105993270874023,0
0.08101511001586914,0
0.08128094673156738,0
0.0810701847076416,0
0.08105111122131348,0
0.0812220573425293,0
0.08118486404418945,0
0.10017514228820801,0
0.08132386207580566,0
0.08115601539611816,0
0.08109903335571289,0
0.08126068115234375,0
0.08100199699401855,0
0.08099198341369629,0
0.0813300609588623,0
0.08102583885192871,0
0.08099198341369629,0
0.08112072944641113,0
0.08299589157104492,0
0.09990501403808594,0
0.08145713806152344,0
0.08103513717651367,0
0.08120298385620117,0
0.08120393753051758,0
0.08083605766296387,0
0.08127903938293457,0
0.08115696907043457,0
0.081024169921875,0
0.08104205131530762,0
0.08109712600708008,0
0.08128499984741211,0
0.08093595504760742,0
0.0811460018157959,0
0.08083581924438477,0
