0.11181306838989258,0
0.11162233352661133,0
0.11083626747131348,0
0.11276078224182129,0
0.11382603645324707,0
0.11092519760131836,0
0.1121370792388916,0
0.11037802696228027,0
0.11181879043579102,0
0.11142706871032715,0
0.11262392997741699,0
0.11142706871032715,0
0.11469912528991699,0
0.11398196220397949,0
0.11217617988586426,0
0.11059713363647461,0
0.11085200309753418,0
0.11228585243225098,0
0.11159086227416992,0
0.11202096939086914,0
0.1112058162689209,0
0.11299300193786621,0
0.11212897300720215,0
0.1117548942565918,0
0.11172795295715332,0
0.11140894889831543,0
0.11235904693603516,0
0.11018896102905273,0
0.11011981964111328,0
0.11091732978820801,0
0.10988593101501465,0
0.1136322021484375,0
0.10955405235290527,0
0.10956811904907227,0
0.11149024963378906,0
0.11078286170959473,0
0.12106513977050781,0
0.11738419532775879,0
0.11360716819763184,0
0.11085677146911621,0
0.11270809173583984,0
0.11236715316772461,0
0.11271381378173828,0
0.11603403091430664,0
0.11408686637878418,0
0.11380982398986816,0
0.11476707458496094,0
0.11241579055786133,0
0.11030101776123047,0
0.10946798324584961,0
0.10981583595275879,0
0.11685705184936523,0
0.11554288864135742,0
0.1151127815246582,0
0.11474394798278809,0
0.11609601974487305,0
0.11382007598876953,0
0.11082792282104492,0
0.11168313026428223,0
0.1112360954284668,0
0.11740994453430176,0
0.11042475700378418,0
0.11300039291381836,0
0.11157894134521484,0
0.10959410667419434,0
0.109771728515625,0
0.1111149787902832,0
0.10973191261291504,0
0.10942697525024414,0
0.10904502868652344,0
0.10935020446777344,0
0.10940408706665039,0
0.1107320785522461,0
0.10896515846252441,0
0.10924386978149414,0
0.1111750602722168,0
0.10949516296386719,0
0.11275601387023926,0
0.1105799674987793,0
0.10906696319580078,0
0.10908102989196777,0
0.108489990234375,0
0.10933923721313477,0
0.10867500305175781,0
0.11026501655578613,0
0.11217808723449707,0
0.11139082908630371,0
0.11173105239868164,0
0.10856795310974121,0
0.11173605918884277,0
