0.1348106861114502,0
0.14416003227233887,0
0.1457970142364502,0
0.13606715202331543,0
0.14975810050964355,0
0.22258806228637695,0
0.184492826461792,0
0.170943021774292,0
0.14999890327453613,0
0.20455503463745117,0
0.13633275032043457,0
0.15915703773498535,0
0.19177699089050293,0
0.14500021934509277,0
0.14968299865722656,0
0.1248619556427002,0
0.15349721908569336,0
0.1779787540435791,0
0.14029192924499512,0
0.14689207077026367,0
0.13054203987121582,0
0.14717698097229004,0
0.1905968189239502,0
0.13348793983459473,0
0.13411712646484375,0
0.17798328399658203,0
0.13769197463989258,0
0.1360609531402588,0
0.18685007095336914,0
0.13552379608154297,0
0.12229490280151367,0
0.12266969680786133,0
0.12029194831848145,0
0.13269495964050293,0
0.11980223655700684,0
0.12469887733459473,0
0.12019705772399902,0
0.12302017211914062,0
0.11758780479431152,0
0.1284799575805664,0
0.12551188468933105,0
0.12222504615783691,0
0.12003469467163086,0
0.12668681144714355,0
0.1221919059753418,0
0.12491083145141602,0
0.13034296035766602,0
0.12540102005004883,0
0.12013721466064453,0
0.12307500839233398,0
0.12244319915771484,0
0.1217191219329834,0
0.12015080451965332,0
0.12132716178894043,0
0.11974191665649414,0
0.12184691429138184,0
0.12113094329833984,0
0.1200551986694336,0
0.11780118942260742,0
0.12551093101501465,0
0.1194009780883789,0
0.11947989463806152,0
0.12163472175598145,0
0.12296915054321289,0
0.12102293968200684,0
0.12148094177246094,0
0.12146115303039551,0
0.12377119064331055,0
0.12180423736572266,0
0.12296605110168457,0
0.12041401863098145,0
0.1227560043334961,0
0.12059402465820312,0
0.1216881275177002,0
0.12841105461120605,0
0.12394428253173828,0
0.12177896499633789,0
0.12084317207336426,0
0.12436413764953613,0
0.12073397636413574,0
0.05141401290893555,0
0.05123615264892578,0
0.05064511299133301,0
0.0510709285736084,0
0.05041790008544922,0
0.050729990005493164,0
0.05073690414428711,0
0.050649166107177734,0
0.05050969123840332,0
0.051322221755981445,0
0.05100297927856445,0
0.050122976303100586,0
0.05086803436279297,0
0.05021405220031738,0
0.05005311965942383,0
0.05020904541015625,0
0.05036520957946777,0
0.05103111267089844,0
0.050595760345458984,0
0.05099320411682129,0
0.05134916305541992,0
0.0514070987701416,0
0.050827741622924805,0
0.050936222076416016,0
0.050379037857055664,0
0.05012106895446777,0
0.05067610740661621,0
0.05124807357788086,0
0.050794124603271484,0
0.05083489418029785,0
0.05087471008300781,0
0.05017805099487305,0
0.05149197578430176,0
0.04971480369567871,0
0.0512089729309082,0
0.05053114891052246,0
0.05103421211242676,0
0.04995989799499512,0
0.050452232360839844,0
0.05077767372131348,0
0.05177187919616699,0
0.05074477195739746,0
0.05059504508972168,0
0.05030488967895508,0
0.05037069320678711,0
0.05047607421875,0
0.04985976219177246,0
0.04996180534362793,0
0.049983978271484375,0
0.05063891410827637,0
